282314 6
192215 12
163767 2
163415 4
156366 10
133643 18
121684 8
103811 14
86402 24
75549 16
72171 30
68918 20
59905 22
42630 28
39557 26
35455 36
25978 42
22533 34
21720 32
18759 40
15921 38
14483 48
10287 44
9332 54
8768 46
7837 50
7718 60
5706 52
4588 56
4114 66
4072 58
2423 64
2296 62
2251 70
2051 72
1676 78
1557 68
1107 84
1055 74
871 76
791 90
776 80
559 82
367 88
337 86
315 96
240 92
210 94
199 100
194 102
163 98
149 108
121 104
90 114
86 110
79 120
68 112
67 106
47 126
35 116
34 118
22 132
20 122
18 124
15 138
14 130
11 140
10 136
9 144
9 134
8 128
6 148
5 150
5 142
3 156
3 154
3 146
2 152
1 210
1 180
1 170
1 164
1 1
